98 188 172 
188 188 468 
0 0 0 
186 164 186 
134 162 184 
186 136 136 
260 244 188 
186 164 186 
184 166 166 
184 430 138 
0 0 0 
0 0 0 
0 0 0 
0 0 0 
0 0 0 
0 0 0 
0 0 0 
0 0 0 
0 0 0 
182 136 182 
182 160 184 
134 162 520 
184 136 214 
184 162 188 
162 162 184 
184 160 184 
184 136 184 
162 136 212 
184 134 164 
182 162 184 
17084 444 136 
0 0 0 
0 0 0 
0 0 0 
0 0 0 
0 0 0 
0 0 0 
0 0 0 
0 0 0 
0 0 0 
188 136 138 
186 166 188 
136 166 188 
184 166 136 
184 166 174 
186 166 186 
184 166 186 
216 136 186 
184 498 188 
184 164 186 
184 162 184 
184 134 186 
164 162 184 
184 184 186 
188 166 186 
162 166 188 
184 166 188 
184 486 186 
186 166 184 
184 136 186 
184 166 188 
184 136 184 
184 134 166 
184 136 188 
186 166 186 
134 136 186 
182 440 186 
184 136 218 
184 166 188 
134 166 184 
186 136 186 
186 168 186 
134 164 188 
184 134 184 
184 134 184 
186 506 184 
186 166 186 
184 164 180 
184 166 188 
186 164 166 
184 166 184 
184 134 184 
184 182 184 
184 166 188 
186 394 218 
184 134 188 
184 134 152 
186 168 184 
134 166 188 
184 170 188 
186 166 186 
132 136 184 
182 136 132 
520 164 188 
184 166 184 
184 164 182 
184 136 188 
184 136 188 
184 164 186 
184 136 186 
184 136 186 
134 134 184 
438 166 184 
184 164 184 
188 164 182 
186 166 186 
184 166 184 
184 164 184 
186 164 188 
168 166 186 
182 166 184 
352 182 184 
184 166 188 
186 136 150 
184 166 164 
186 164 184 
182 164 186 
184 134 184 
184 164 188 
186 134 186 
282 166 132 
186 136 184 
184 164 180 
134 166 188 
186 162 172 
186 164 186 
184 166 186 
186 166 136 
184 166 188 
406 184 644 
0 0 0 
0 0 0 
0 0 0 
0 0 0 
0 0 0 
0 0 0 
0 0 0 
0 0 0 
0 0 0 
182 162 136 
182 162 186 
182 136 184 
186 162 184 
182 162 184 
212 136 184 
162 162 184 
182 162 184 
184 136 184 
136 162 182 
184 136 186 
182 162 184 
182 136 184 
182 160 184 
182 136 184 
184 162 188 
182 136 162 
184 136 184 
182 162 182 
184 166 138 
184 160 184 
184 136 184 
182 162 182 
184 162 184 
182 136 184 
184 136 184 
182 160 186 
182 162 182 
162 162 186 
182 160 182 
184 162 186 
190 162 184 
156 134 162 
182 162 184 
182 162 182 
182 136 218 
182 160 184 
178 162 184 
182 134 184 
184 160 184 
182 136 182 
160 162 184 
184 162 184 
184 134 184 
162 160 184 
184 160 184 
180 160 184 
184 136 184 
182 160 186 
182 162 184 
182 136 184 
184 162 136 
182 162 184 
184 160 184 
184 136 162 
180 162 184 
184 136 186 
184 162 182 
184 160 184 
182 134 184 
162 162 186 
184 160 184 
182 134 184 
162 162 188 
180 162 164 
182 136 184 
162 162 184 
182 162 184 
184 162 160 
184 134 184 
182 162 186 
184 182 184 
184 162 186 
184 160 184 
184 136 184 
182 162 184 
184 162 182 
136 162 184 
184 136 184 
182 162 182 
136 136 184 
184 136 188 
182 162 184 
182 162 184 
182 134 136 
182 136 182 
184 162 186 
184 136 182 
184 160 184 
182 134 184 
182 136 182 
160 162 186 
182 136 182 
184 160 184 
182 162 184 
184 162 184 
182 134 184 
184 162 182 
184 134 162 
184 162 186 
182 136 184 
184 160 186 
182 162 182 
184 136 184 
182 136 188 
184 136 186 
184 160 186 
162 134 184 
184 162 184 
182 136 182 
182 162 182 
184 162 186 
182 134 184 
182 136 182 
182 162 184 
186 162 184 
184 136 188 
182 162 160 
184 160 184 
184 134 184 
184 136 164 
186 162 184 
182 160 184 
148 136 184 
184 136 188 
184 160 184 
180 160 184 
182 134 184 
184 162 186 
160 162 182 
184 160 184 
184 136 182 
184 134 184 
182 162 162 
182 136 182 
182 162 184 
184 136 184 
182 162 184 
184 162 186 
186 136 184 
184 162 182 
182 138 182 
136 136 186 
184 162 186 
184 162 184 
184 162 186 
184 136 184 
182 136 184 
182 162 184 
184 160 184 
182 162 184 
182 164 186 
184 160 162 
184 136 182 
184 136 186 
184 188 182 
182 162 182 
184 162 184 
184 136 188 
182 162 184 
184 162 508 
162 134 186 
184 160 184 
182 134 184 
162 160 186 
182 136 182 
184 160 184 
156 136 182 
182 162 160 
184 136 468 
184 134 184 
156 136 184 
184 160 184 
184 136 182 
184 136 184 
182 162 184 
182 162 184 
184 134 186 
140 136 366 
182 162 184 
184 162 186 
136 160 184 
182 136 184 
182 160 184 
184 160 184 
184 134 162 
182 162 182 
184 162 302 
184 170 140 
184 136 188 
184 162 186 
184 160 184 
184 136 212 
184 160 184 
134 162 186 
182 162 182 
184 550 182 
134 162 182 
184 160 184 
186 160 184 
156 136 184 
184 162 184 
188 138 212 
0 0 0 
0 0 0 
0 0 0 
0 0 0 
186 182 184 
188 134 184 
186 164 184 
178 136 166 
188 162 190 
186 196 186 
146 192 186 
188 392 160 
180 150 202 
384 184 178 
182 136 172 
184 162 186 
182 136 184 
182 162 162 
182 162 186 
184 162 186 
182 402 182 
184 134 184 
184 162 178 
184 160 184 
182 136 182 
182 136 182 
182 162 182 
184 134 184 
184 136 186 
498 162 184 
184 164 184 
134 136 178 
184 136 182 
184 162 184 
182 160 184 
184 136 182 
184 136 186 
182 160 182 
486 162 184 
184 134 184 
182 136 180 
184 162 184 
184 162 184 
172 162 186 
184 136 182 
182 162 182 
176 136 184 
442 162 162 
184 136 184 
162 160 178 
184 134 184 
182 162 184 
184 162 184 
182 162 160 
184 160 184 
184 134 184 
360 162 188 
184 162 184 
184 162 180 
182 136 184 
182 162 188 
184 162 188 
136 162 182 
184 136 186 
184 160 184 
402 162 186 
184 136 184 
184 136 182 
184 162 186 
184 162 180 
156 136 184 
184 160 184 
182 162 164 
182 160 186 
212 162 184 
184 162 164 
184 160 184 
182 162 184 
150 136 182 
184 162 184 
180 160 184 
162 162 184 
182 162 184 
180 162 184 
162 160 184 
182 134 184 
182 136 182 
184 162 184 
182 162 134 
184 160 184 
184 136 184 
182 162 184 
184 162 186 
156 134 184 
178 134 184 
186 162 184 
182 162 182 
136 162 184 
184 136 184 
182 160 184 
136 148 184 
184 136 182 
184 162 186 
176 162 184 
184 134 184 
182 162 184 
184 164 184 
182 160 162 
184 162 182 
182 136 184 
184 186 214 
184 160 184 
178 136 186 
176 162 184 
184 160 184 
184 136 184 
160 162 184 
184 160 184 
184 160 184 
160 136 184 
182 162 134 
178 136 182 
182 162 186 
184 160 136 
182 136 184 
186 134 184 
184 160 184 
182 162 184 
182 134 184 
184 162 182 
178 162 182 
184 136 184 
134 136 182 
184 162 186 
182 160 184 
136 162 186 
182 136 186 
182 162 182 
184 164 184 
176 162 184 
184 136 182 
184 162 184 
182 162 134 
184 134 184 
184 136 186 
184 186 184 
184 162 186 
156 136 182 
172 162 184 
160 162 186 
182 136 182 
184 134 186 
184 134 184 
184 160 186 
184 136 182 
184 162 184 
182 162 186 
184 160 184 
182 134 184 
